12 0 25
48 12 49
21 6 24
34 29 26
7 38 1
43 8 0
36 41 49
21 39 49
39 9 49
11 1 46
18 1 23
41 13 17
43 0 40
0 30 34
44 7 24
48 26 7
28 15 8
46 6 18
25 11 33
18 32 15
15 11 41
49 20 17
0 13 39
49 25 28
38 9 7
28 20 23
26 40 7
19 43 24
2 35 15
36 26 18
0 11 27
24 41 44
18 37 45
17 12 18
34 4 11
4 24 46
45 34 38
13 11 0
0 20 29
25 32 21
37 47 19
47 32 40
23 22 44
11 48 25
30 13 6
5 46 28
42 40 3
34 3 35
42 15 29
38 30 16
47 0 7
38 48 35
10 44 49
12 18 46
12 42 19
7 20 35
6 43 46
1 25 10
17 36 39
33 49 0
0 22 48
6 22 6
21 38 3
25 35 7
13 21 24
6 9 6
30 42 28
22 10 40
8 37 49
26 10 27
9 3 47
3 15 48
30 2 0
16 42 42
12 33 25
22 32 25
0 10 5
8 16 1
3 25 6
46 12 24
44 15 48
21 39 33
44 33 5
25 26 12
35 20 44
46 46 16
20 13 13
15 21 3
6 24 13
34 29 32
24 46 10
26 6 5
42 0 34
35 11 32
35 2 3
12 3 42
11 43 9
26 26 13
8 33 27
29 28 36
3 38 1
